1 0.6913392543792725
2 0.9281294345855712
3 0.8880409598350525
4 0.9931519031524658
5 1.100388526916504
6 1.1740223169326782
7 1.2225749492645264
8 1.2600758075714111
9 1.2863675355911257
10 1.3077325820922852
11 1.3215789794921875
12 1.3346105813980105
13 1.343470811843872
14 1.3501943349838257
15 1.3548259735107422
16 1.3602628707885742
17 1.363561511039734
18 1.3667112588882446
19 1.3687565326690674
20 1.371407985687256
21 1.3733326196670532
22 1.374078631401062
23 1.3758519887924194
24 1.3769190311431885
25 1.3786908388137815
26 1.3789677619934082
27 1.3798975944519043
28 1.38072669506073
29 1.380793809890747
30 1.381481409072876
31 1.382353663444519
32 1.3811495304107666
33 1.3822746276855469
34 1.3812175989151
35 1.381935477256775
36 1.3818243741989136
37 1.3819172382354736
38 1.382367491722107
39 1.381808876991272
40 1.381711721420288
41 1.3809784650802612
42 1.3816384077072144
43 1.3824779987335205
44 1.381371021270752
45 1.3809736967086792
46 1.380791187286377
47 1.3808095455169678
48 1.3803763389587402
49 1.3803654909133911
50 1.3810025453567505
51 1.3792880773544312
52 1.3791396617889404
53 1.3783613443374634
54 1.378307223320007
55 1.3773597478866575
56 1.3771770000457764
57 1.376311421394348
58 1.3753057718276978
59 1.3743681907653809
60 1.373056173324585
61 1.371896743774414
62 1.3710637092590332
63 1.369117259979248
64 1.3669450283050537
65 1.364629864692688
66 1.3616962432861328
67 1.3581970930099487
68 1.3552101850509644
69 1.3509371280670166
70 1.3473742008209229
71 1.3438034057617188
72 1.3401468992233276
73 1.3339403867721558
74 1.330977439880371
75 1.3253892660140991
76 1.3201688528060913
77 1.314209222793579
78 1.3072699308395386
79 1.3030622005462646
80 1.2946813106536863
81 1.289681315422058
82 1.2822515964508057
83 1.275048017501831
84 1.2705111503601074
85 1.264857292175293
86 1.2552485466003418
87 1.251065969467163
88 1.2411078214645386
89 1.2352832555770874
90 1.231396198272705
91 1.2240880727767944
92 1.2161242961883545
93 1.210039138793945
94 1.203667402267456
95 1.1970157623291016
96 1.1916732788085938
97 1.186546802520752
98 1.1761149168014526
99 1.1680420637130735
100 1.163601636886597
101 1.158225417137146
102 1.1507407426834106
103 1.1416053771972656
104 1.136623740196228
105 1.1304420232772827
106 1.1232815980911257
107 1.1178748607635498
108 1.109123468399048
109 1.1056054830551147
110 1.098106861114502
111 1.0884250402450562
112 1.0826647281646729
113 1.0745534896850586
114 1.0683170557022097
115 1.064924716949463
116 1.0582765340805054
117 1.052238941192627
118 1.044248342514038
119 1.0404417514801023
120 1.032244324684143
121 1.0226982831954956
122 1.019036054611206
123 1.0125747919082642
124 1.0024454593658447
125 1.0027868747711182
126 0.989743709564209
127 0.9868802428245544
128 0.9840173125267028
129 0.9742193222045898
130 0.9731433391571044
131 0.96566504240036
132 0.9557942748069764
133 0.952881395816803
134 0.9469738602638244
135 0.9449824690818788
136 0.9328904151916504
137 0.929175078868866
138 0.9281439781188964
139 0.9192134737968444
140 0.9118754863739014
141 0.9075503945350648
142 0.90397971868515
143 0.8922792077064514
144 0.8898965120315552
145 0.8881332278251648
146 0.8819408416748047
147 0.8780961036682129
148 0.8680608868598938
149 0.8650380969047546
150 0.8619166016578674
151 0.8517133593559265
152 0.845457136631012
153 0.8404262065887451
154 0.8356931209564209
155 0.8320969343185425
156 0.8262168765068054
157 0.8256863355636597
158 0.8175297975540161
159 0.809348464012146
160 0.8062347173690796
161 0.8050749897956848
162 0.7979345917701721
163 0.7909244894981384
164 0.7885596752166748
165 0.7818729281425476
166 0.778664767742157
167 0.7735538482666016
168 0.770588755607605
169 0.7610942721366882
170 0.7586809396743774
171 0.7555716633796692
172 0.7527320981025696
173 0.745600163936615
174 0.7451649904251099
175 0.7322618365287781
176 0.7348487377166748
177 0.7267215251922607
178 0.7219479084014893
179 0.7182440161705017
180 0.7154724597930908
181 0.7027508020401001
182 0.70457524061203
183 0.6971186995506287
184 0.6969427466392517
185 0.6930506825447083
186 0.6880836486816406
187 0.6864519119262695
188 0.6861472725868225
189 0.6735908389091492
190 0.6760696768760681
191 0.6675929427146912
192 0.6656316518783569
193 0.6592190265655518
194 0.6539514064788818
195 0.6520355343818665
196 0.6485592722892761
197 0.6451830863952637
198 0.6483169198036194
199 0.6401113867759705
200 0.6335999369621277
