1 3.1871931552886963
2 1.6528074741363523
3 1.821426510810852
4 1.58037531375885
5 1.3283398151397705
6 1.1626019477844238
7 1.0414103269577026
8 0.9584022164344788
9 0.9002246856689453
10 0.8604205250740051
11 0.828827977180481
12 0.8031225800514221
13 0.7888373136520386
14 0.7735381722450256
15 0.7652345895767212
16 0.7545161843299866
17 0.7495136260986328
18 0.7412342429161072
19 0.7383022308349609
20 0.7358505129814148
21 0.7345194220542908
22 0.729576826095581
23 0.728930652141571
24 0.7245781421661377
25 0.7223077416419983
26 0.7233532667160034
27 0.7187163233757019
28 0.7208433747291565
29 0.7169421315193176
30 0.7163929343223572
31 0.7175302505493164
32 0.7168976068496704
33 0.7152875065803528
34 0.7154728770256042
35 0.7139972448348999
36 0.7140949964523315
37 0.7134053111076355
38 0.7145766019821167
39 0.7144814729690552
40 0.7163658738136292
41 0.7131297588348389
42 0.7111073732376099
43 0.715351402759552
44 0.7157197594642639
45 0.7136625647544861
46 0.7138665914535522
47 0.7142629027366638
48 0.7132490873336792
49 0.7130036950111389
50 0.7161925435066223
51 0.7142443060874939
52 0.7145373821258545
53 0.7164760828018188
54 0.7152733206748962
55 0.7163936495780945
56 0.7172699570655823
57 0.7184265851974487
58 0.7187790274620056
59 0.7202292680740356
60 0.7234092950820923
61 0.7228984236717224
62 0.7250998020172119
63 0.7277736663818359
64 0.7298769950866699
65 0.7344209551811218
66 0.7385410070419312
67 0.7426642775535583
68 0.7487626671791077
69 0.7536476850509644
70 0.7598433494567871
71 0.7647637128829956
72 0.7727125883102417
73 0.7779784798622131
74 0.784934401512146
75 0.7939668297767639
76 0.7997126579284668
77 0.8099454045295715
78 0.8196404576301575
79 0.8285678029060364
80 0.8399045467376709
81 0.8486775755882263
82 0.857611894607544
83 0.8708526492118835
84 0.8803941607475281
85 0.8882947564125061
86 0.9025393724441528
87 0.911620020866394
88 0.9245521426200868
89 0.9405707716941832
90 0.9459764361381532
91 0.9585574865341188
92 0.970604419708252
93 0.9778878688812256
94 0.9915111660957336
95 1.007062554359436
96 1.0168362855911257
97 1.0267051458358765
98 1.0449503660202026
99 1.059378743171692
100 1.0700150728225708
101 1.083433985710144
102 1.094054102897644
103 1.1124509572982788
104 1.1219284534454346
105 1.138920545578003
106 1.151091456413269
107 1.1604499816894531
108 1.1790088415145874
109 1.1900593042373655
110 1.2005780935287476
111 1.226650595664978
112 1.2450971603393557
113 1.252208590507507
114 1.2719255685806274
115 1.2804416418075562
116 1.2965294122695925
117 1.306079983711243
118 1.3285183906555176
119 1.3411327600479126
120 1.3519582748413086
121 1.3769400119781494
122 1.3862210512161257
123 1.4035998582839966
124 1.430414080619812
125 1.4331690073013306
126 1.4598268270492554
127 1.4695634841918943
128 1.477322340011597
129 1.4989798069000244
130 1.5083730220794678
131 1.515139937400818
132 1.5477131605148315
133 1.5682443380355835
134 1.5740830898284912
135 1.590474247932434
136 1.617737889289856
137 1.622003197669983
138 1.632871150970459
139 1.653545618057251
140 1.6766231060028076
141 1.7028487920761108
142 1.6935116052627563
143 1.713957905769348
144 1.7390320301055908
145 1.7531193494796753
146 1.770681858062744
147 1.7847291231155396
148 1.8175901174545288
149 1.828578233718872
150 1.83471155166626
151 1.86549973487854
152 1.883884310722351
153 1.900597095489502
154 1.9255880117416384
155 1.9330658912658687
156 1.953805685043335
157 1.9706707000732424
158 1.987353801727295
159 2.011683225631714
160 2.0218095779418945
161 2.049450635910034
162 2.050090789794922
163 2.0763654708862305
164 2.0975024700164795
165 2.0902962684631348
166 2.1262309551239014
167 2.147148609161377
168 2.1690542697906494
169 2.184898853302002
170 2.215536832809448
171 2.2248358726501465
172 2.21955943107605
173 2.2463250160217285
174 2.274109125137329
175 2.292877674102783
176 2.317514657974243
177 2.328418254852295
178 2.36938214302063
179 2.379581451416016
180 2.391167163848877
181 2.4426138401031494
182 2.4353322982788086
183 2.4666011333465576
184 2.475379467010498
185 2.491732358932495
186 2.5225067138671875
187 2.518804788589477
188 2.5490965843200684
189 2.5796144008636475
190 2.5734357833862305
191 2.6065752506256104
192 2.621598243713379
193 2.645829200744629
194 2.675967216491699
195 2.6844520568847656
196 2.721349000930786
197 2.7106857299804688
198 2.7243592739105225
199 2.7392523288726807
200 2.778409004211426
