1 0.5460695028305054
2 0.3282387852668762
3 0.3054377436637878
4 0.2940163910388946
5 0.2850516438484192
6 0.2772500514984131
7 0.2763253152370453
8 0.2741951048374176
9 0.2718567550182342
10 0.2682013809680938
11 0.2634549438953399
12 0.2661716341972351
13 0.2663640677928924
14 0.2652117908000946
15 0.2611729204654693
16 0.2534171938896179
17 0.2593673765659332
18 0.2568562030792236
19 0.2575572729110718
20 0.2565387189388275
21 0.2600040137767792
22 0.2546497285366058
23 0.2527498602867126
24 0.2561167776584625
25 0.2541548013687134
26 0.2558752298355102
27 0.2516224086284637
28 0.2546341717243194
29 0.2565829753875732
30 0.2513042986392975
31 0.2522830665111542
32 0.2511434555053711
33 0.2507623136043548
34 0.2520141303539276
35 0.2518455386161804
36 0.25379478931427
37 0.2521184384822845
38 0.2512142062187195
39 0.248940572142601
40 0.2496277838945388
41 0.2521950602531433
42 0.2509103119373321
43 0.248872235417366
44 0.2500169277191162
45 0.2509302794933319
46 0.2498848289251327
47 0.2471202909946441
48 0.251163899898529
49 0.2499596029520034
50 0.252044528722763
51 0.2475889772176742
52 0.2510200440883636
53 0.2472386509180069
54 0.2509269416332245
55 0.25017911195755
56 0.2478444129228592
57 0.2485107630491256
58 0.2483918815851211
59 0.2454898506402969
60 0.2454238682985305
61 0.2491364032030105
62 0.2442051023244857
63 0.2463973313570022
64 0.2466138303279876
65 0.2467414587736129
66 0.2474499344825744
67 0.2450496554374694
68 0.2452008873224258
69 0.2456618547439575
70 0.247034952044487
71 0.2506832182407379
72 0.2471130341291427
73 0.2466046661138534
74 0.2467404305934906
75 0.2467698007822036
76 0.2489562630653381
77 0.2499518543481826
78 0.2408253252506256
79 0.2441663295030594
80 0.2433398813009262
81 0.2456096410751342
82 0.2474686950445175
83 0.2495582997798919
84 0.2437000721693039
85 0.2455914318561554
86 0.246511697769165
87 0.2453958541154861
88 0.2441349625587463
89 0.2454269975423813
90 0.2427936941385269
91 0.2467711120843887
92 0.2440739870071411
93 0.2445379048585891
94 0.2437543272972107
95 0.2469676733016967
96 0.2427233457565307
97 0.2426947653293609
98 0.243855208158493
99 0.241249606013298
100 0.2441858798265457
