1 0.7396963238716125
2 0.8384224772453308
3 0.854510486125946
4 0.8625232577323914
5 0.8676334023475647
6 0.8713060617446899
7 0.8741996884346008
8 0.8763466477394104
9 0.8781888484954834
10 0.8796576857566833
11 0.880771815776825
12 0.8818506598472595
13 0.8826835751533508
14 0.8834725022315979
15 0.8841868042945862
16 0.8849619626998901
17 0.8856723308563232
18 0.8862856030464172
19 0.8868465423583984
20 0.8873510956764221
21 0.8877825736999512
22 0.8881824612617493
23 0.8886527419090271
24 0.8890835046768188
25 0.8894044160842896
26 0.8897113800048828
27 0.8900449872016907
28 0.890254557132721
29 0.8904938697814941
30 0.8907153010368347
31 0.8909549713134766
32 0.8911520838737488
33 0.8913794159889221
34 0.8915872573852539
35 0.8917863965034485
36 0.8919757008552551
37 0.8921182751655579
38 0.892268180847168
39 0.8924493193626404
40 0.8926141858100891
41 0.8927550911903381
42 0.8928914070129395
43 0.8930107355117798
44 0.893144965171814
45 0.8932545781135559
46 0.8933982849121094
47 0.8935678601264954
48 0.8936604261398315
49 0.893757700920105
50 0.8938963413238525
51 0.89400714635849
52 0.8941234946250916
53 0.8942347764968872
54 0.8943279981613159
55 0.8944003582000732
56 0.8944995999336243
57 0.8946047425270081
58 0.8946834802627563
59 0.894801914691925
60 0.8949071764945984
61 0.8949943780899048
62 0.8950878381729126
63 0.8951756954193115
64 0.8952798843383789
65 0.8953521251678467
66 0.8954334855079651
67 0.895513653755188
68 0.8955835103988647
69 0.8956605195999146
70 0.8957370519638062
71 0.8957996964454651
72 0.8958695530891418
73 0.8959280252456665
74 0.896005392074585
75 0.8960710167884827
76 0.896120011806488
77 0.8961719870567322
78 0.8962300419807434
79 0.8963010311126709
80 0.8963744044303894
81 0.8964423537254333
82 0.8965062499046326
83 0.89654141664505
84 0.8966010808944702
85 0.8966559171676636
86 0.8967040777206421
87 0.8967604637145996
88 0.8968163132667542
89 0.8968610167503357
90 0.8969035148620605
91 0.8969581127166748
92 0.8970059752464294
93 0.8970505595207214
94 0.8971032500267029
95 0.8971474170684814
96 0.8971641659736633
97 0.8972111940383911
98 0.8972595930099487
99 0.8973069787025452
100 0.8973650336265564
