1 83177.15625
2 77704.25
3 72468.953125
4 67823.515625
5 63207.86328125
6 58059.21875
7 47020.296875
8 36852.16015625
9 35421.25390625
10 34318.203125
11 33287.12109375
12 32102.5625
13 30860.779296875
14 29784.75390625
15 28894.54296875
16 28153.11328125
17 27513.529296875
18 27027.744140625
19 26572.619140625
20 26184.388671875
21 25852.130859375
22 25565.17578125
23 25303.3984375
24 25047.134765625
25 24842.818359375
26 24703.58203125
27 24557.6640625
28 24381.84375
29 24305.734375
30 24210.267578125
31 24116.08203125
32 24061.826171875
33 23948.0390625
34 23911.69921875
35 23824.41015625
36 23773.392578125
37 23725.888671875
38 23653.9921875
39 23623.4921875
40 23579.037109375
41 23532.634765625
42 23535.9296875
43 23479.353515625
44 23418.099609375
45 23433.7578125
46 23385.744140625
47 23382.654296875
48 23350.59375
49 23336.56640625
50 23308.2109375
51 23288.02734375
52 23273.126953125
53 23232.275390625
54 23227.0703125
55 23203.0078125
56 23183.5546875
57 23173.8203125
58 23144.603515625
59 23137.8671875
60 23127.587890625
61 23088.05859375
62 23123.974609375
63 23065.205078125
64 23091.8203125
65 23044.140625
66 23049.056640625
67 23027.740234375
68 22982.44921875
69 22990.998046875
70 22996.833984375
71 22987.7890625
72 22955.64453125
73 22974.505859375
74 22962.0625
75 22942.904296875
76 22939.642578125
77 22917.173828125
78 22918.271484375
79 22928.982421875
80 22884.947265625
81 22912.43359375
82 22903.462890625
83 22860.03125
84 22859.34765625
85 22858.33984375
86 22851.84375
87 22857.021484375
88 22827.0078125
89 22822.814453125
90 22809.2734375
91 22813.072265625
92 22800.359375
93 22811.484375
94 22759.314453125
95 22778.908203125
96 22755.435546875
97 22760.798828125
98 22739.78125
99 22775.70703125
100 22722.1953125
