1 193.97164916992188
2 454.8701477050781
3 796.7470703125
4 998.4306640625
5 1123.5780029296875
6 1157.0457763671875
7 1077.632568359375
8 1208.83837890625
9 1284.3321533203125
10 1332.4326171875
11 1384.626708984375
12 1434.2994384765625
13 1478.296630859375
14 1518.890869140625
15 1552.4697265625
16 1580.2344970703125
17 1602.961181640625
18 1623.341064453125
19 1643.9443359375
20 1658.263427734375
21 1677.316162109375
22 1689.3865966796875
23 1701.5037841796875
24 1711.3155517578125
25 1721.567626953125
26 1731.9039306640625
27 1738.9478759765625
28 1742.53564453125
29 1750.617919921875
30 1757.95849609375
31 1761.49755859375
32 1769.2835693359375
33 1772.0338134765625
34 1771.072021484375
35 1780.1846923828125
36 1784.17724609375
37 1783.8602294921875
38 1786.0072021484375
39 1790.0810546875
40 1788.70751953125
41 1795.5626220703125
42 1799.364501953125
43 1798.27685546875
44 1801.415283203125
45 1804.486083984375
46 1803.1248779296875
47 1806.069091796875
48 1809.2467041015625
49 1808.9854736328125
50 1809.9671630859373
51 1812.977783203125
52 1815.8736572265625
53 1816.996337890625
54 1813.0673828125
55 1816.656494140625
56 1817.6741943359373
57 1818.12158203125
58 1819.8746337890625
59 1820.745849609375
60 1819.03662109375
61 1820.4892578125
62 1822.603759765625
63 1821.813232421875
64 1821.6658935546875
65 1824.27880859375
66 1824.03173828125
67 1827.247314453125
68 1825.8587646484373
69 1827.516357421875
70 1826.5987548828125
71 1829.44140625
72 1827.293701171875
73 1826.7685546875
74 1832.6724853515625
75 1830.2901611328125
76 1833.239501953125
77 1831.1275634765625
78 1831.9781494140625
79 1829.6015625
80 1834.4388427734373
81 1833.02587890625
82 1834.0469970703125
83 1835.3460693359373
84 1833.7113037109373
85 1834.587890625
86 1833.7066650390625
87 1837.6175537109373
88 1836.7626953125
89 1835.62548828125
90 1839.25244140625
91 1834.40966796875
92 1837.8062744140625
93 1839.85205078125
94 1835.3028564453125
95 1836.8392333984373
96 1838.2398681640625
97 1838.0906982421875
98 1839.338134765625
99 1842.1185302734373
100 1837.57080078125
